1.091929793991308628e+00 5.132987745672540569e+00 1.000000000000000000e+00
2.766699997998278704e+00 2.439075603231025458e+00 1.000000000000000000e+00
5.406427787005396723e+00 -8.374123291211700959e+00 1.000000000000000000e+00
7.720703020522190485e+00 1.640768939456529196e+01 1.000000000000000000e+00
9.390952385094131216e+00 9.473119481021349486e+00 1.000000000000000000e+00
1.030592853804646047e+01 -5.136086430773032951e+00 1.000000000000000000e+00
1.576820701688075310e+01 3.551352820308613989e+00 1.000000000000000000e+00
2.285491725006205854e+01 7.282098438683417108e+00 1.000000000000000000e+00
2.342816837000394514e+01 1.181668325278706355e+00 1.000000000000000000e+00
2.407244579530853912e+01 -5.280732402026466765e+00 1.000000000000000000e+00
2.434231388651753036e+01 -7.140111461376909219e+00 1.000000000000000000e+00
2.647371551779897914e+01 3.399100693191426714e+00 1.000000000000000000e+00
3.121212889365643406e+01 -1.341120364248962815e+01 1.000000000000000000e+00
3.265700536741577764e+01 -8.571919653964648944e+00 1.000000000000000000e+00
3.285925918294840642e+01 -8.367607069994711821e+00 1.000000000000000000e+00
3.374334674007939583e+01 3.116894875125245434e+00 1.000000000000000000e+00
3.704358892122794344e+01 -1.101361401256890993e+01 1.000000000000000000e+00
3.757960087271028726e+01 -1.460967306732643856e+01 1.000000000000000000e+00
3.824579489737956095e+01 -1.495184889178864829e+01 1.000000000000000000e+00
3.838639661866704955e+01 -1.226707528897985711e+01 1.000000000000000000e+00
4.021509237498710831e+01 4.978809997965438328e+00 1.000000000000000000e+00
4.043679488065144056e+01 1.005734892654889201e+01 1.000000000000000000e+00
4.130199893145736212e+01 1.678740233403632942e+01 1.000000000000000000e+00
4.862639942031555051e+01 3.772972546775096081e+00 1.000000000000000000e+00
4.935745678266245307e+01 -3.654907853065969103e+00 1.000000000000000000e+00
5.132543610906314768e+01 -1.058017250945876775e+01 1.000000000000000000e+00
5.790509805392107978e+01 -1.051808764227882875e+01 1.000000000000000000e+00
5.838046969782651274e+01 -9.016319255862644155e+00 1.000000000000000000e+00
5.990064980949871654e+01 5.313338553285301025e+00 1.000000000000000000e+00
6.047051601196518078e+01 8.432762089774671566e+00 1.000000000000000000e+00
6.367785906261569551e+01 -2.318760736829345026e-01 1.000000000000000000e+00
6.614918295101124102e+01 3.658089759871694380e+00 1.000000000000000000e+00
6.660925309339238254e+01 2.878305178506728623e+00 1.000000000000000000e+00
7.072487151098184199e+01 -9.465020799598709900e+00 1.000000000000000000e+00
7.206763485713895534e+01 -7.118054794557735931e+00 1.000000000000000000e+00
7.711449211799670422e+01 -3.751795569662145891e+00 1.000000000000000000e+00
7.837558450864135295e+01 8.141687331135234018e+00 1.000000000000000000e+00
7.923104515903544609e+01 1.526620487331416953e+01 1.000000000000000000e+00
7.998560380143393900e+01 1.660447794180950964e+01 1.000000000000000000e+00
8.584838121766402708e+01 7.942063699811309441e+00 1.000000000000000000e+00
8.922460250822817329e+01 -1.585247013577750863e+01 1.000000000000000000e+00
9.201462177459384861e+01 -1.399645937314244248e+00 1.000000000000000000e+00
9.361270942437749909e+01 2.583975875209434392e-01 1.000000000000000000e+00
9.738059195105708454e+01 -1.332974528485115329e+00 1.000000000000000000e+00
9.869789357687940878e+01 2.890573524982894771e+00 1.000000000000000000e+00
1.068543635736505166e+02 5.870314071404028944e+00 1.000000000000000000e+00
1.086759766785072543e+02 4.099411863011628299e+00 1.000000000000000000e+00
1.107486408423958864e+02 -3.538460719085218198e+00 1.000000000000000000e+00
1.136961528664806025e+02 -4.834787720088960405e+00 1.000000000000000000e+00
1.137545182907109336e+02 -4.160239659627477771e+00 1.000000000000000000e+00
1.160583206477512306e+02 1.876770090933267410e+00 1.000000000000000000e+00
1.167127179611773329e+02 1.980402955488056005e+00 1.000000000000000000e+00
1.170698444711175625e+02 9.375856737305858779e-01 1.000000000000000000e+00
1.187663760115784726e+02 -6.676633971404975831e+00 1.000000000000000000e+00
1.198885964991465158e+02 -5.777908548647671338e+00 1.000000000000000000e+00
1.204509432585396667e+02 -2.015783190841400341e+00 1.000000000000000000e+00
1.221570741335746817e+02 1.144056733936520587e+01 1.000000000000000000e+00
1.252720061196195331e+02 -5.829918578527832018e+00 1.000000000000000000e+00
1.254259040466914001e+02 -7.413974566013512124e+00 1.000000000000000000e+00
1.264152366772612908e+02 -1.274033199911693970e+01 1.000000000000000000e+00
1.271075496723168499e+02 -1.103982993866772944e+01 1.000000000000000000e+00
1.279105322419622439e+02 -2.679349093989696673e+00 1.000000000000000000e+00
1.282949926975687163e+02 2.691560180730554919e+00 1.000000000000000000e+00
1.306084143035604086e+02 9.547862430853511384e+00 1.000000000000000000e+00
1.312097344198512872e+02 6.667600162258012775e-01 1.000000000000000000e+00
1.322989242339094176e+02 -1.132884218008181954e+01 1.000000000000000000e+00
1.344992629264971526e+02 -4.559436623512013398e+00 1.000000000000000000e+00
1.361481479494404141e+02 1.476506894433839712e+01 1.000000000000000000e+00
1.377039289867478828e+02 7.426746268912272519e+00 1.000000000000000000e+00
1.383339909102760998e+02 -2.058616229944519205e+00 1.000000000000000000e+00
1.383653175847789782e+02 -1.225949065808724425e+00 1.000000000000000000e+00
1.400843802892892711e+02 -1.215896707474609606e+01 1.000000000000000000e+00
1.417395563684167428e+02 4.421936705384714728e+00 1.000000000000000000e+00
1.420721163957738895e+02 7.743232488417802095e+00 1.000000000000000000e+00
1.507181381666806601e+02 6.514238165923838864e+00 1.000000000000000000e+00
1.529735380605708031e+02 -8.408041767733065441e+00 1.000000000000000000e+00
1.539128939732654544e+02 -8.442502748416504943e+00 1.000000000000000000e+00
1.590441651735114874e+02 4.501595393057017169e+00 1.000000000000000000e+00
1.610640069436881561e+02 -3.550550632579161814e+00 1.000000000000000000e+00
1.622027799759935363e+02 4.036009419466735970e+00 1.000000000000000000e+00
1.627391977066106108e+02 7.789701330042282379e+00 1.000000000000000000e+00
1.668448708840371069e+02 -1.238075719979562983e+01 1.000000000000000000e+00
1.706218462374067144e+02 3.579716195529905054e+00 1.000000000000000000e+00
1.742585994030814049e+02 -1.082045722742886440e+01 1.000000000000000000e+00
1.789890900658002124e+02 -2.405895316289088370e-01 1.000000000000000000e+00
1.792060684772107777e+02 -2.476178819769620176e+00 1.000000000000000000e+00
1.817714640648189288e+02 -9.597263984483650479e-01 1.000000000000000000e+00
1.878810215168833508e+02 -7.044159645914462864e+00 1.000000000000000000e+00
1.921968157879261412e+02 -5.665898306242023175e+00 1.000000000000000000e+00
1.929017213947683445e+02 -9.678364984237676438e+00 1.000000000000000000e+00
1.936079063567484013e+02 -7.880786360152143288e+00 1.000000000000000000e+00
1.942025515861225529e+02 -6.148157628351349935e+00 1.000000000000000000e+00
1.944858512648492876e+02 -5.719490928957590370e+00 1.000000000000000000e+00
1.945159895752812531e+02 -5.624222719507385726e+00 1.000000000000000000e+00
1.953527348954482363e+02 1.803476864207348429e-01 1.000000000000000000e+00
1.956889689880680976e+02 3.813203160339084796e+00 1.000000000000000000e+00
1.992298604425426447e+02 -2.238146938260778374e+00 1.000000000000000000e+00
1.994658944695080152e+02 -2.967259891535715344e+00 1.000000000000000000e+00
2.000281218431103696e+02 -1.478735010382609794e+00 1.000000000000000000e+00
2.004537746246022323e+02 -2.333362363882664603e+00 1.000000000000000000e+00
2.005878845309956375e+02 -3.275247249177061448e+00 1.000000000000000000e+00
2.040896214960561394e+02 3.889096217491514018e+00 1.000000000000000000e+00
2.048275169048328053e+02 2.288556239749580001e+00 1.000000000000000000e+00
2.065963101702772349e+02 -6.171388921496582469e+00 1.000000000000000000e+00
2.092557774849481689e+02 5.646335174443376737e+00 1.000000000000000000e+00
2.118123097644644020e+02 -5.943619934655989034e+00 1.000000000000000000e+00
2.140082803875831132e+02 -8.667897574429872520e+00 1.000000000000000000e+00
2.144214908570920670e+02 -6.656323011634766473e+00 1.000000000000000000e+00
2.152354102991638172e+02 -1.422295315266449922e+00 1.000000000000000000e+00
2.195689161250014081e+02 -7.990174160298763262e+00 1.000000000000000000e+00
2.207502823286102682e+02 -6.219719845587651008e+00 1.000000000000000000e+00
2.209542219834894752e+02 -7.252660938561636073e+00 1.000000000000000000e+00
2.229921145974311685e+02 7.263489044391071126e+00 1.000000000000000000e+00
2.248546344246225033e+02 2.238890574175039117e+00 1.000000000000000000e+00
2.309685942774961518e+02 8.924153393598972528e+00 1.000000000000000000e+00
2.313237438100266274e+02 4.901405817066354587e+00 1.000000000000000000e+00
2.314064666541872839e+02 6.895273178273926717e+00 1.000000000000000000e+00
2.316680026017705529e+02 3.712812094445790301e+00 1.000000000000000000e+00
2.317969376517594640e+02 4.725888654217891727e+00 1.000000000000000000e+00
2.346311283663877703e+02 -4.621341364097756532e+00 1.000000000000000000e+00
2.346409607696220405e+02 -4.789949893306308937e+00 1.000000000000000000e+00
2.347605883411143566e+02 -3.693470939556763089e+00 1.000000000000000000e+00
2.350512858072752920e+02 -1.398890838466055220e+00 1.000000000000000000e+00
2.350637119240661548e+02 -2.950454118049552932e+00 1.000000000000000000e+00
2.365488517378664426e+02 3.235681464824710751e+00 1.000000000000000000e+00
2.374554379084881077e+02 5.679009261208230797e+00 1.000000000000000000e+00
2.402403643269519478e+02 -4.307519183133725171e+00 1.000000000000000000e+00
2.403931224263378112e+02 -3.957609709199397141e+00 1.000000000000000000e+00
2.476399656988830316e+02 -4.664111982350541474e+00 1.000000000000000000e+00
2.577211309326403921e+02 1.043688793286543159e+01 1.000000000000000000e+00
2.578525953097066008e+02 1.133316647116058995e+01 1.000000000000000000e+00
2.621104624305154971e+02 -1.366633167184967057e+01 1.000000000000000000e+00
2.625786569465120692e+02 -1.472758514544101160e+01 1.000000000000000000e+00
2.629655985822552111e+02 -1.495984650216328404e+01 1.000000000000000000e+00
2.635957248087843254e+02 -9.226703009696178626e+00 1.000000000000000000e+00
2.641362126903066496e+02 -3.535193227647267733e+00 1.000000000000000000e+00
2.649752695159659766e+02 2.182372554998746494e+00 1.000000000000000000e+00
2.668788634912080511e+02 -6.477987523821703064e+00 1.000000000000000000e+00
2.669229418698688505e+02 -7.750022816428034034e+00 1.000000000000000000e+00
2.709481284449004761e+02 7.619876472977832549e+00 1.000000000000000000e+00
2.738005433711978753e+02 4.437652475038759370e+00 1.000000000000000000e+00
2.763659026972276251e+02 7.605387431473664694e-01 1.000000000000000000e+00
2.781454022972256439e+02 1.025288092862844991e+01 1.000000000000000000e+00
2.806320358468388463e+02 -4.448248868368342990e+00 1.000000000000000000e+00
2.807679155986937189e+02 -5.470543761263083837e+00 1.000000000000000000e+00
2.830129712438005640e+02 -1.150951546045879503e+01 1.000000000000000000e+00
2.867065748180928040e+02 -1.610844132706517939e+00 1.000000000000000000e+00
2.896955186867544967e+02 -8.110389905966712831e+00 1.000000000000000000e+00
2.938932908007500941e+02 6.762415856756524235e+00 1.000000000000000000e+00
2.953711564134147238e+02 -2.124749575690923376e+00 1.000000000000000000e+00
2.956026681307808417e+02 -2.075900556009650622e+00 1.000000000000000000e+00
2.956173533945447502e+02 -3.025561154755539217e+00 1.000000000000000000e+00
2.962817218963300547e+02 -1.918952147127448660e+00 1.000000000000000000e+00
2.988966093159875186e+02 9.164310930546154310e+00 1.000000000000000000e+00
3.018697946220831909e+02 2.679163724893486087e+00 1.000000000000000000e+00
3.047094113754609452e+02 -1.052087995891578842e+01 1.000000000000000000e+00
3.067377557186914601e+02 5.643962144550094706e+00 1.000000000000000000e+00
3.127666977359260159e+02 4.886611162382308748e+00 1.000000000000000000e+00
3.179391672910394391e+02 -6.971726756611650089e+00 1.000000000000000000e+00
3.182924738844856734e+02 -5.563065111095986559e+00 1.000000000000000000e+00
3.188289268979118560e+02 5.189998775825366284e-02 1.000000000000000000e+00
3.196905737083826011e+02 9.887746698913169041e+00 1.000000000000000000e+00
3.204609326402865008e+02 1.567775551298715442e+01 1.000000000000000000e+00
3.209352877752020845e+02 1.663321826776571655e+01 1.000000000000000000e+00
3.210776449705128357e+02 1.530203372831775077e+01 1.000000000000000000e+00
3.226190357699925357e+02 -6.052755936660956237e-01 1.000000000000000000e+00
3.242405214176664572e+02 -1.224163444698474557e+01 1.000000000000000000e+00
3.247158958253335754e+02 -1.031762858380028902e+01 1.000000000000000000e+00
3.249858693527496598e+02 -8.396345253272420095e+00 1.000000000000000000e+00
3.259088520932107258e+02 5.647198974260069448e+00 1.000000000000000000e+00
3.293883129958255154e+02 -1.125560417147708669e+01 1.000000000000000000e+00
3.320956490424913454e+02 -7.886857535764105087e+00 1.000000000000000000e+00
3.380508122583225372e+02 -9.711961974249824436e+00 1.000000000000000000e+00
3.432593545228810399e+02 -1.241317050253348064e+01 1.000000000000000000e+00
3.437061980952860267e+02 -1.339451778105275537e+01 1.000000000000000000e+00
3.459027085423127801e+02 9.637516876957647582e+00 1.000000000000000000e+00
3.493167707900115602e+02 -7.328656461040592873e+00 1.000000000000000000e+00
3.495440083218799145e+02 -9.456855063238112535e+00 1.000000000000000000e+00
3.507441390304877586e+02 -9.574293694761639273e+00 1.000000000000000000e+00
3.529987777781202567e+02 1.616276386103270823e+01 1.000000000000000000e+00
3.540115631349918317e+02 1.592176706052121560e+01 1.000000000000000000e+00
3.571599361153125756e+02 -4.555349106337603260e+00 1.000000000000000000e+00
3.592073551192696073e+02 3.977272683767997474e+00 1.000000000000000000e+00
3.595905816670832564e+02 6.824244843702166996e+00 1.000000000000000000e+00
3.623019234738060845e+02 -7.921004404248728648e+00 1.000000000000000000e+00
3.660665841598422503e+02 -4.125592873201071598e-01 1.000000000000000000e+00
3.663827240142336450e+02 -2.405061697061621651e+00 1.000000000000000000e+00
3.665596724281572278e+02 -2.447351023499655831e+00 1.000000000000000000e+00
3.704646504723678504e+02 1.665248186586041568e+00 1.000000000000000000e+00
3.710357950463525185e+02 6.952588162892435975e+00 1.000000000000000000e+00
3.712718886119043873e+02 6.763722589059706358e+00 1.000000000000000000e+00
3.723860117606723179e+02 1.011986046692762997e+01 1.000000000000000000e+00
3.742617835016894787e+02 4.349076261477685001e+00 1.000000000000000000e+00
3.796958238055159427e+02 7.903901871005746926e+00 1.000000000000000000e+00
3.811338298801360907e+02 -7.217048143856455766e+00 1.000000000000000000e+00
3.931647233601070184e+02 2.289557417149183394e+01 1.000000000000000000e+00
3.941085603712792818e+02 1.710003886564278375e+01 1.000000000000000000e+00
3.945189486014753015e+02 1.374097987894779926e+01 1.000000000000000000e+00
3.991922842402286733e+02 1.236904672638813807e+01 1.000000000000000000e+00
3.999930497928001500e+02 6.559425205340260412e+00 1.000000000000000000e+00
4.098473739194035375e+02 -5.322252355350157060e+00 1.000000000000000000e+00
4.149401508822188021e+02 1.448037410273590986e+01 1.000000000000000000e+00
4.165065042429676510e+02 6.567192300229027779e+00 1.000000000000000000e+00
4.177535121896693795e+02 7.426664749721106240e+00 1.000000000000000000e+00
4.194998993112702124e+02 1.038424970579734818e+01 1.000000000000000000e+00
4.196874979502442784e+02 1.031652102698459750e+01 1.000000000000000000e+00
4.207651221476817796e+02 2.766641782846831710e+00 1.000000000000000000e+00
4.229095915648271102e+02 -1.577769563984000811e+01 1.000000000000000000e+00
4.248687225880820506e+02 -9.735320498075832774e+00 1.000000000000000000e+00
4.266239547349639452e+02 8.908177005321016306e-01 1.000000000000000000e+00
4.276706936031731061e+02 1.872764983870933708e-02 1.000000000000000000e+00
4.307964086864764113e+02 -2.913804363713490275e-01 1.000000000000000000e+00
4.310153542271169158e+02 -1.124604849446536381e+00 1.000000000000000000e+00
4.329145218884195856e+02 5.433626426937738785e+00 1.000000000000000000e+00
4.337405001820813482e+02 6.784458724255341799e+00 1.000000000000000000e+00
4.337939687969478655e+02 8.053477217648955744e+00 1.000000000000000000e+00
4.353256869154769220e+02 4.444573670940167531e+00 1.000000000000000000e+00
4.402077215618127752e+02 -2.563649685012400870e+00 1.000000000000000000e+00
4.423218306921676799e+02 -5.434584092813920186e+00 1.000000000000000000e+00
4.427928925855444504e+02 -6.850526599106362191e+00 1.000000000000000000e+00
4.457276360299604789e+02 -2.428941233264521049e+00 1.000000000000000000e+00
4.461632652812366473e+02 -3.511005588145795109e+00 1.000000000000000000e+00
4.478493761207602688e+02 -7.130148533990649184e+00 1.000000000000000000e+00
4.486340579494785175e+02 -8.267918140643818248e+00 1.000000000000000000e+00
4.547248981550035865e+02 9.545406568054541907e+00 1.000000000000000000e+00
4.548292559466464695e+02 8.070877634417325197e+00 1.000000000000000000e+00
4.555190030757219120e+02 6.932585128145413833e+00 1.000000000000000000e+00
4.572931019658910259e+02 2.157216635661566517e+00 1.000000000000000000e+00
4.591348893838995764e+02 4.428695681468092005e+00 1.000000000000000000e+00
4.634032529424090399e+02 -7.321109050165622634e+00 1.000000000000000000e+00
4.644682843418854645e+02 -5.805383083348893081e+00 1.000000000000000000e+00
4.652539856595309971e+02 -1.722180516033912534e+00 1.000000000000000000e+00
4.654882585581137278e+02 -2.448095296341907368e+00 1.000000000000000000e+00
4.668405109361926293e+02 -5.781931757623056001e+00 1.000000000000000000e+00
4.754836520312775292e+02 -2.168004942219935671e+00 1.000000000000000000e+00
4.756144850780776778e+02 -3.664435616464656320e+00 1.000000000000000000e+00
4.757856427490172564e+02 -4.720613026960697844e+00 1.000000000000000000e+00
4.768265618481160004e+02 -1.517832798606295164e+00 1.000000000000000000e+00
4.800405467594191009e+02 1.117454096135302599e+01 1.000000000000000000e+00
4.816575598308936605e+02 -8.240073431541397042e+00 1.000000000000000000e+00
4.828372401531480023e+02 -1.568861565996548890e+01 1.000000000000000000e+00
4.831140800798368105e+02 -1.557798735889604202e+01 1.000000000000000000e+00
4.838034084029696373e+02 -1.306998459513697419e+01 1.000000000000000000e+00
4.843571882521708858e+02 -4.911095808594462930e+00 1.000000000000000000e+00
4.888511840032055034e+02 -1.785109932931934651e+01 1.000000000000000000e+00
4.897789588401988681e+02 -1.911606065999568571e+01 1.000000000000000000e+00
4.907344197056895609e+02 -8.178054878347348122e+00 1.000000000000000000e+00
4.921263699819289172e+02 1.247589071258529714e+01 1.000000000000000000e+00
4.931138796223122540e+02 1.820829226286720015e+01 1.000000000000000000e+00
4.947975110783073660e+02 3.522829911316588181e+00 1.000000000000000000e+00
4.953700449846318747e+02 -2.811122552628028792e+00 1.000000000000000000e+00
4.968269301659420307e+02 -1.428776197862272390e+00 1.000000000000000000e+00
4.975062870399160602e+02 3.077810855297641091e+00 1.000000000000000000e+00
4.988400821129024507e+02 1.176169360518217744e+01 1.000000000000000000e+00
5.007964257071455449e+02 -1.153327555981185304e+00 1.000000000000000000e+00
5.038819764921857995e+02 -6.812962095649092831e+00 1.000000000000000000e+00
5.063823874457038414e+02 -1.161475766005541366e-01 1.000000000000000000e+00
5.065832050795642090e+02 -3.197703709655024262e-01 1.000000000000000000e+00
5.072850485136455063e+02 -1.896674906866118171e+00 1.000000000000000000e+00
5.078832851900516516e+02 -8.115749692684580907e+00 1.000000000000000000e+00
5.087129635407858927e+02 -1.077636655377123098e+01 1.000000000000000000e+00
5.138332873733381803e+02 9.816917661683653762e+00 1.000000000000000000e+00
5.173681337788153769e+02 -7.186209393442811733e-01 1.000000000000000000e+00
5.188451286907098847e+02 1.046619861148326791e+01 1.000000000000000000e+00
5.218089987621194723e+02 1.604355631130936821e+00 1.000000000000000000e+00
5.242362984793564920e+02 -7.213107554307337743e+00 1.000000000000000000e+00
5.266447534743012966e+02 -3.948708878184192805e-01 1.000000000000000000e+00
5.291112242092539191e+02 -6.417885868670979654e+00 1.000000000000000000e+00
5.300793967289640705e+02 -4.601427413787984477e+00 1.000000000000000000e+00
5.307789818788908178e+02 -2.878837589810589570e+00 1.000000000000000000e+00
5.344140637246373444e+02 3.841279994578393975e+00 1.000000000000000000e+00
5.400159463843297090e+02 1.208256413582809863e+01 1.000000000000000000e+00
5.406558104774293270e+02 1.083238647226352036e+01 1.000000000000000000e+00
5.425041535237282915e+02 1.116010217287217943e+00 1.000000000000000000e+00
5.433055352122917157e+02 -7.546433296223240994e+00 1.000000000000000000e+00
5.448737909319249866e+02 -8.244253494155691087e+00 1.000000000000000000e+00
5.456438048489339963e+02 -7.420808165811335400e+00 1.000000000000000000e+00
5.470840696312715181e+02 -1.881030263889126974e+00 1.000000000000000000e+00
5.496471397351931500e+02 -4.654297263325824829e+00 1.000000000000000000e+00
5.546805426104870094e+02 1.377424005645900706e+01 1.000000000000000000e+00
5.551921954635321299e+02 1.041418943247673212e+01 1.000000000000000000e+00
5.552574125894637973e+02 1.335175279534900206e+01 1.000000000000000000e+00
5.581358964571967363e+02 -5.591714315645007760e-01 1.000000000000000000e+00
5.634602115078981797e+02 -9.461760560104753637e+00 1.000000000000000000e+00
5.653993018910732644e+02 -2.206796942939001127e+01 1.000000000000000000e+00
5.656139251528192062e+02 -2.050470529944185571e+01 1.000000000000000000e+00
5.656737043521658279e+02 -2.233216992467316331e+01 1.000000000000000000e+00
5.670376931643332910e+02 -6.447597628027371464e+00 1.000000000000000000e+00
5.679999535242021693e+02 2.716326347597790125e+00 1.000000000000000000e+00
5.741030398392595089e+02 1.929556224442276857e+01 1.000000000000000000e+00
5.767969946629877995e+02 4.458478664178484152e+00 1.000000000000000000e+00
5.771399153033911489e+02 1.419130772264129536e+00 1.000000000000000000e+00
5.788121858944022051e+02 -6.878359824528383015e+00 1.000000000000000000e+00
5.798268991839108821e+02 1.771464556149585201e+00 1.000000000000000000e+00
5.801552144208881145e+02 4.874241803180591859e+00 1.000000000000000000e+00
5.804960851198568434e+02 7.568763158753587739e+00 1.000000000000000000e+00
5.816818133134851223e+02 8.935687052453197055e+00 1.000000000000000000e+00
5.842950535850976621e+02 -3.183306345868229315e+01 1.000000000000000000e+00
5.855880628810376720e+02 -3.006876722973866833e+01 1.000000000000000000e+00
5.857771300540292714e+02 -2.485818306850582715e+01 1.000000000000000000e+00
5.860405690155934053e+02 -2.171430187554909708e+01 1.000000000000000000e+00
5.881533247663321617e+02 1.644965127389204085e+01 1.000000000000000000e+00
5.922803950442898895e+02 -7.880561575287607035e+00 1.000000000000000000e+00
5.931125301280598023e+02 7.704136889492849249e+00 1.000000000000000000e+00
5.948739017102673188e+02 3.692262822132695277e+01 1.000000000000000000e+00
5.963747193261282291e+02 1.460615587356387479e+01 1.000000000000000000e+00
5.965646519120615494e+02 7.640683168489658783e+00 1.000000000000000000e+00
6.000578389518591393e+02 -4.223907305168201454e+00 1.000000000000000000e+00
6.008073663169743668e+02 7.338230636370955295e+00 1.000000000000000000e+00
6.031496333490986217e+02 -8.926551184350715928e+00 1.000000000000000000e+00
6.031972689618850154e+02 -1.071528209591720326e+01 1.000000000000000000e+00
6.083471147784931645e+02 2.274391869062050731e+01 1.000000000000000000e+00
6.083973831988156462e+02 2.204033383786826406e+01 1.000000000000000000e+00
6.088927286947565563e+02 2.142740427007665005e+01 1.000000000000000000e+00
6.089368147546390446e+02 2.177978215504948167e+01 1.000000000000000000e+00
6.136201990903922479e+02 9.637672605981849827e+00 1.000000000000000000e+00
6.207616519596228954e+02 3.484836166737339536e+00 1.000000000000000000e+00
6.216799542866319825e+02 3.038783670778024693e+00 1.000000000000000000e+00
6.235917639882051162e+02 -8.252471390356999947e+00 1.000000000000000000e+00
6.238899909592037147e+02 -1.467569063091503878e+01 1.000000000000000000e+00
6.291465900085744352e+02 5.021151195673087209e+00 1.000000000000000000e+00
6.308567018483677202e+02 1.312805729783070197e+00 1.000000000000000000e+00
6.330014909072127693e+02 4.264098430774208914e+00 1.000000000000000000e+00
6.330851197849520986e+02 6.092028536934846805e+00 1.000000000000000000e+00
6.359663587879520037e+02 1.435363538832238106e+01 1.000000000000000000e+00
6.364670183541247752e+02 1.240227335982954671e+01 1.000000000000000000e+00
6.371379049026472785e+02 8.401470603314951546e+00 1.000000000000000000e+00
6.400343016449356810e+02 -5.819158482558676404e+00 1.000000000000000000e+00
6.420859800864337785e+02 2.017369063242652860e+00 1.000000000000000000e+00
6.446670760932362327e+02 -1.700129177519147561e+01 1.000000000000000000e+00
6.456590750961750018e+02 -1.338613609897842949e+01 1.000000000000000000e+00
6.525392652987446809e+02 -4.377065486631302349e+00 1.000000000000000000e+00
6.534017635365200931e+02 5.346240787951852091e+00 1.000000000000000000e+00
6.554408031142378377e+02 2.083639491623946327e+01 1.000000000000000000e+00
6.559760018161592825e+02 1.944298582314445056e+01 1.000000000000000000e+00
6.605340713937983992e+02 1.398408698786344773e-01 1.000000000000000000e+00
6.661440689486374822e+02 -9.012827693172107857e+00 1.000000000000000000e+00
6.662903040572838336e+02 -9.558025640555777969e+00 1.000000000000000000e+00
6.670149315825506164e+02 6.867699868996577361e-01 1.000000000000000000e+00
6.679297391936182748e+02 1.312970696275534976e+01 1.000000000000000000e+00
6.689474829922297658e+02 1.482008466623756071e+01 1.000000000000000000e+00
6.709963393517992927e+02 -4.107415894785105159e+00 1.000000000000000000e+00
6.719550846805104811e+02 -1.076111653595359208e+01 1.000000000000000000e+00
6.722045327997748245e+02 -9.506504768863925037e+00 1.000000000000000000e+00
6.749547635284798162e+02 2.131517152460495979e+01 1.000000000000000000e+00
6.763179036736912622e+02 1.995740918101498806e+01 1.000000000000000000e+00
6.792620883323983207e+02 -1.444944587126997249e+01 1.000000000000000000e+00
6.833962297294642667e+02 -3.005305471453352695e+00 1.000000000000000000e+00
6.846847532503157936e+02 -2.734724373583953749e+01 1.000000000000000000e+00
6.852219686831806484e+02 -3.128152099060949709e+01 1.000000000000000000e+00
6.867834575818321809e+02 -8.302778684163353518e+00 1.000000000000000000e+00
6.890609215086245740e+02 2.846824181536820220e+01 1.000000000000000000e+00
6.894362547510153263e+02 2.810424394840833173e+01 1.000000000000000000e+00
6.907033613938053804e+02 -1.069274529307318033e-02 1.000000000000000000e+00
6.910113127126688823e+02 -7.820609136292647534e+00 1.000000000000000000e+00
6.944670358644391399e+02 2.653951672221493396e+01 1.000000000000000000e+00
6.963838854930402249e+02 1.684554797664754133e+01 1.000000000000000000e+00
6.969519780669941156e+02 2.772308017643323907e+00 1.000000000000000000e+00
6.970387389851264288e+02 -1.421555319155322517e+00 1.000000000000000000e+00
6.988805840970698000e+02 -2.524905531504960621e+01 1.000000000000000000e+00
7.037859923860852405e+02 -1.304943012309348660e+01 1.000000000000000000e+00
7.038724809913813942e+02 -1.376739003512885340e+01 1.000000000000000000e+00
7.107376969438591914e+02 -4.723336721954789041e+00 1.000000000000000000e+00
7.112254756999112715e+02 -1.044934108735134615e+01 1.000000000000000000e+00
7.134137808050858212e+02 -1.044370673733074906e-02 1.000000000000000000e+00
7.146937593559088100e+02 1.341702939838254593e+01 1.000000000000000000e+00
7.148493031894261094e+02 1.318890328863421679e+01 1.000000000000000000e+00
7.179905566792641594e+02 -1.743255783921755153e+01 1.000000000000000000e+00
7.190158011475720059e+02 -2.001240132980666075e+01 1.000000000000000000e+00
7.199561289567277527e+02 -1.181749912865149810e+01 1.000000000000000000e+00
7.210911209717845622e+02 5.980079969855530031e+00 1.000000000000000000e+00
7.243781178787786530e+02 -7.984693200152341852e+00 1.000000000000000000e+00
7.274215418852452331e+02 6.985599151880236946e+00 1.000000000000000000e+00
7.290892519935732707e+02 1.756781172933626323e+01 1.000000000000000000e+00
7.298236720424762325e+02 1.350379478001382871e+01 1.000000000000000000e+00
7.301997541200196338e+02 1.047310338409676156e+01 1.000000000000000000e+00
7.351237400957930959e+02 7.491825290115688318e+00 1.000000000000000000e+00
7.358349756357467868e+02 4.098514903231745166e+00 1.000000000000000000e+00
7.358551610740826163e+02 5.337610035365558225e+00 1.000000000000000000e+00
7.371692122592349961e+02 -8.017239116439087709e+00 1.000000000000000000e+00
7.374503413219282493e+02 -1.004362133635277132e+01 1.000000000000000000e+00
7.417055984357774605e+02 6.047184782608467479e+00 1.000000000000000000e+00
7.438374970249226408e+02 -4.277702610281692408e+00 1.000000000000000000e+00
7.453581396419911016e+02 -1.291907329529530379e+01 1.000000000000000000e+00
7.460697277614949599e+02 -9.343955110144474219e+00 1.000000000000000000e+00
7.464319114895882876e+02 -5.905287503963218221e+00 1.000000000000000000e+00
7.470220283113673077e+02 2.282967846361528608e+00 1.000000000000000000e+00
7.476262758651229205e+02 9.343810154477953489e+00 1.000000000000000000e+00
7.483399606684511127e+02 1.668856015450703723e+01 1.000000000000000000e+00
7.485923666418322000e+02 1.719601427195533461e+01 1.000000000000000000e+00
7.527783103887024936e+02 -7.831449264324590764e+00 1.000000000000000000e+00
7.534825339219735270e+02 -3.283976580741490015e+00 1.000000000000000000e+00
7.548131451777746861e+02 7.670867165654124520e+00 1.000000000000000000e+00
7.555036785849617900e+02 8.142265421560651362e+00 1.000000000000000000e+00
7.564903498469235501e+02 3.847236429109679001e+00 1.000000000000000000e+00
7.581137921548570375e+02 -1.027065606366243777e+01 1.000000000000000000e+00
7.598539118002410078e+02 -1.169099247554367871e+01 1.000000000000000000e+00
7.606703670551462437e+02 -7.260676033963531228e-01 1.000000000000000000e+00
7.656161183157081496e+02 -6.113100051805862023e+00 1.000000000000000000e+00
7.668830376515553553e+02 7.122401285324876374e-01 1.000000000000000000e+00
7.669277883437958963e+02 1.828252677352458777e+00 1.000000000000000000e+00
7.782693542023715736e+02 -1.468342262654140740e+01 1.000000000000000000e+00
7.835938771293316449e+02 -6.398953496329884416e-02 1.000000000000000000e+00
7.851375769243020386e+02 -1.595300483646702183e+00 1.000000000000000000e+00
7.853513530941886529e+02 -3.480740151071859856e+00 1.000000000000000000e+00
7.904664870726736581e+02 8.140993586976225771e+00 1.000000000000000000e+00
7.921194056145874356e+02 -1.399813223359823278e+00 1.000000000000000000e+00
7.930114816939692446e+02 -8.294668037374277603e+00 1.000000000000000000e+00
7.945134943360841362e+02 -6.127589190097594951e+00 1.000000000000000000e+00
7.964421244321837321e+02 8.334240998742766138e+00 1.000000000000000000e+00
7.968685172393541052e+02 8.230081249924401376e+00 1.000000000000000000e+00
7.980506434062040171e+02 2.377790014919891615e+00 1.000000000000000000e+00
7.983222905095461783e+02 -1.535168797099950133e+00 1.000000000000000000e+00
7.996033844490517595e+02 -9.874415314248802034e+00 1.000000000000000000e+00
7.996242800186614659e+02 -9.458704160461531174e+00 1.000000000000000000e+00
8.025190016072174330e+02 8.374765029419858564e+00 1.000000000000000000e+00
8.028558986110399474e+02 9.428000924669373006e+00 1.000000000000000000e+00
8.034270707591972496e+02 7.410320818855204550e+00 1.000000000000000000e+00
8.060520048085772942e+02 -3.886148538549887288e+00 1.000000000000000000e+00
8.075854813346689980e+02 -8.145797786978862254e-01 1.000000000000000000e+00
8.084872358785175948e+02 3.091965893547552913e+00 1.000000000000000000e+00
8.100712265938998371e+02 1.484095811470397930e+00 1.000000000000000000e+00
8.107471656971121092e+02 -5.280457728880974422e+00 1.000000000000000000e+00
8.118846439365674996e+02 -8.780720820662880399e+00 1.000000000000000000e+00
8.134666916714965055e+02 -3.634316573045819787e+00 1.000000000000000000e+00
8.143665944519992763e+02 4.897711016945988760e+00 1.000000000000000000e+00
8.144823428276146160e+02 7.824651849027103978e+00 1.000000000000000000e+00
8.166058166794896351e+02 4.376592694622799762e+00 1.000000000000000000e+00
8.181081907461232277e+02 -9.620819480701594983e+00 1.000000000000000000e+00
8.194524112614872138e+02 2.734858703808129565e-02 1.000000000000000000e+00
8.206031253802512992e+02 1.047051459912896654e+01 1.000000000000000000e+00
8.285259890293399394e+02 1.028733146572796464e+01 1.000000000000000000e+00
8.293238799810471846e+02 1.049097430205417014e+00 1.000000000000000000e+00
8.297137386671280410e+02 -5.939380134685223744e+00 1.000000000000000000e+00
8.333835138174218855e+02 -1.029965550302785005e+01 1.000000000000000000e+00
8.349727495920236606e+02 4.100253004220670405e+00 1.000000000000000000e+00
8.362184234960017193e+02 3.960217441910764968e-01 1.000000000000000000e+00
8.410789333601968565e+02 1.359676032624062358e+01 1.000000000000000000e+00
8.473095986778093902e+02 4.079434147279051182e+00 1.000000000000000000e+00
8.474127069109456443e+02 5.711807446666342436e+00 1.000000000000000000e+00
8.477100971163594068e+02 6.246440605314836247e+00 1.000000000000000000e+00
8.480645037796839460e+02 7.995557548837195050e+00 1.000000000000000000e+00
8.481779768716985473e+02 6.716771562065893875e+00 1.000000000000000000e+00
8.493260056811857339e+02 -1.771555024762349717e+00 1.000000000000000000e+00
8.493709375030125557e+02 -1.953078577876694588e+00 1.000000000000000000e+00
8.508034507101094732e+02 -1.714451617283177498e+01 1.000000000000000000e+00
8.538087204221474167e+02 -6.930768501116886249e+00 1.000000000000000000e+00
8.575374018915322267e+02 -1.138892593858019442e+00 1.000000000000000000e+00
8.575914449964756159e+02 -9.648195399277482709e-01 1.000000000000000000e+00
8.608048790161224133e+02 9.167839087060755787e+00 1.000000000000000000e+00
8.628368708679479369e+02 2.514649405522881409e+01 1.000000000000000000e+00
8.635202553086385251e+02 1.885347625952632811e+01 1.000000000000000000e+00
8.645629623625972044e+02 3.781820098910990247e+00 1.000000000000000000e+00
8.659684125623614364e+02 -1.177199565789949354e+01 1.000000000000000000e+00
8.661548982025368559e+02 -1.118841368956572069e+01 1.000000000000000000e+00
8.688332511162415130e+02 2.648478172065527048e+00 1.000000000000000000e+00
8.717298505312536463e+02 -1.608099611221602032e+01 1.000000000000000000e+00
8.740639075986829312e+02 -1.220778385871781602e+01 1.000000000000000000e+00
8.751744225253850118e+02 8.277559730743173638e-01 1.000000000000000000e+00
8.772030269246406533e+02 1.118168862228416316e+01 1.000000000000000000e+00
8.805275056589836140e+02 8.348393319902109866e+00 1.000000000000000000e+00
8.826429403608216262e+02 1.560928404917900103e+01 1.000000000000000000e+00
8.840712754598505398e+02 6.872647045078708494e+00 1.000000000000000000e+00
8.891745756226015374e+02 -7.242385052208537566e+00 1.000000000000000000e+00
8.922710253184038720e+02 -3.241225984632125634e+00 1.000000000000000000e+00
8.927888309664058397e+02 -6.811668835243489539e+00 1.000000000000000000e+00
8.937539278923982238e+02 -8.966996861255250195e+00 1.000000000000000000e+00
8.942507572352546958e+02 -5.887036417727723681e+00 1.000000000000000000e+00
8.967383577959946024e+02 4.413921531656952446e+00 1.000000000000000000e+00
8.985832973754761497e+02 1.175353748349184180e+01 1.000000000000000000e+00
9.036433653395192778e+02 4.302803404126642306e+00 1.000000000000000000e+00
9.061884908977568784e+02 1.318710940617005445e+00 1.000000000000000000e+00
9.070853653561376859e+02 -6.076499292764074411e+00 1.000000000000000000e+00
9.073936891120906694e+02 -7.996572539270634827e+00 1.000000000000000000e+00
9.083247938151035896e+02 -1.115728586963103552e+01 1.000000000000000000e+00
9.108882989000539965e+02 -1.394331441874704813e+00 1.000000000000000000e+00
9.122811336009592651e+02 8.336044696880048122e+00 1.000000000000000000e+00
9.123006644330971540e+02 7.300697766786515608e+00 1.000000000000000000e+00
9.128191306781332059e+02 6.000826567171146486e+00 1.000000000000000000e+00
9.130397825253106703e+02 5.482377863511424643e+00 1.000000000000000000e+00
9.138228432915316262e+02 -1.785334892467764778e+00 1.000000000000000000e+00
9.141175226627347001e+02 -4.856422585876124742e+00 1.000000000000000000e+00
9.144469067077141062e+02 -9.450882921735457742e+00 1.000000000000000000e+00
9.162776545200856617e+02 -3.493199612592857051e+00 1.000000000000000000e+00
9.170063341328900606e+02 4.681883928740635525e+00 1.000000000000000000e+00
9.172079235371717232e+02 6.170867745932326898e+00 1.000000000000000000e+00
9.179397203641366332e+02 1.431767377143501818e+01 1.000000000000000000e+00
9.197117675120148306e+02 1.481997359257243474e+01 1.000000000000000000e+00
9.229587245058636427e+02 -1.275359672307416048e+01 1.000000000000000000e+00
9.271508487296214298e+02 -4.897536504868358342e+00 1.000000000000000000e+00
9.326215457126126012e+02 3.538100080200849096e+00 1.000000000000000000e+00
9.373024032954031100e+02 4.997965167649290663e+00 1.000000000000000000e+00
9.412418078361457674e+02 6.359883044997747703e+00 1.000000000000000000e+00
9.412978984278190637e+02 5.851143561796995129e+00 1.000000000000000000e+00
9.462859569312885242e+02 2.308230719760516525e+00 1.000000000000000000e+00
9.511782341696874710e+02 -1.098261508729856750e+01 1.000000000000000000e+00
9.552930057528321868e+02 -1.125466971913317415e+01 1.000000000000000000e+00
9.567406140799761260e+02 -3.174634245752451456e+00 1.000000000000000000e+00
9.587690987783761329e+02 1.687420537090364903e+01 1.000000000000000000e+00
9.601217756415112490e+02 1.767046360287286078e+01 1.000000000000000000e+00
9.651684834242020088e+02 4.017031811513601447e+00 1.000000000000000000e+00
9.667870704047841173e+02 -7.253107574121727907e+00 1.000000000000000000e+00
9.670362548549173880e+02 -7.395506296404308344e+00 1.000000000000000000e+00
9.699312903161410304e+02 -1.198021992214471609e+01 1.000000000000000000e+00
9.712551918692457775e+02 -9.837953842470810173e+00 1.000000000000000000e+00
9.728208977773309698e+02 -6.029391150188770254e+00 1.000000000000000000e+00
9.753526470764151100e+02 1.166649675150181142e+00 1.000000000000000000e+00
9.761125612979091102e+02 5.380217705765748093e+00 1.000000000000000000e+00
9.806106930974742681e+02 1.033693243733890910e+01 1.000000000000000000e+00
9.809176172351341165e+02 1.176280289856542538e+01 1.000000000000000000e+00
9.837844634166890501e+02 5.912772218140394109e+00 1.000000000000000000e+00
9.847228133817682192e+02 3.876402374514196669e+00 1.000000000000000000e+00
9.879156679744469329e+02 -1.217304148816391063e+01 1.000000000000000000e+00
9.919405907469391650e+02 -1.265341700553737958e+01 1.000000000000000000e+00
9.947827309973254160e+02 -2.304885677945430533e+00 1.000000000000000000e+00
9.955538156506835321e+02 3.527968100504173421e+00 1.000000000000000000e+00
9.963591315258868235e+02 8.356140459187770375e+00 1.000000000000000000e+00
1.002126345669504190e+03 1.154177534903496749e+01 1.000000000000000000e+00
1.002648763853404489e+03 8.590036137767453894e+00 1.000000000000000000e+00
1.004778914978522948e+03 3.279665119267469731e+00 1.000000000000000000e+00
1.005441522290648095e+03 -4.621653548985200644e+00 1.000000000000000000e+00
1.011732767650616665e+03 -1.365980643935894001e+01 1.000000000000000000e+00
1.012624448046777161e+03 -1.382687866273527888e+01 1.000000000000000000e+00
1.013725916974626898e+03 -8.093308553083254253e+00 1.000000000000000000e+00
1.015271094481529758e+03 6.074667871020649201e-01 1.000000000000000000e+00
1.019614393243168252e+03 2.057887685731865091e+01 1.000000000000000000e+00
1.020033704636500488e+03 1.864521103707607708e+01 1.000000000000000000e+00
1.022637965092912054e+03 6.967224140457146220e+00 1.000000000000000000e+00
1.029025486597513463e+03 -6.630664292142456340e+00 1.000000000000000000e+00
1.029844403873536749e+03 -9.741029691118944456e+00 1.000000000000000000e+00
1.031276693302503418e+03 -1.176313055977930766e+01 1.000000000000000000e+00
1.034617034404577453e+03 3.051376993759893352e+00 1.000000000000000000e+00
1.034652167032160150e+03 1.363983806503467067e+00 1.000000000000000000e+00
1.034758214308228389e+03 7.150374515840747236e-01 1.000000000000000000e+00
1.036299627582348649e+03 4.160437108445917964e+00 1.000000000000000000e+00
1.036401427861326511e+03 5.489329155487109091e+00 1.000000000000000000e+00
1.037670297663051997e+03 8.843897263482967119e+00 1.000000000000000000e+00
1.039904749141676348e+03 1.258236153779338373e+01 1.000000000000000000e+00
1.041522874483721125e+03 7.114740093903245466e+00 1.000000000000000000e+00
1.042073212408258541e+03 3.146414163473503667e+00 1.000000000000000000e+00
1.043696643500143409e+03 -2.013850872478432308e+00 1.000000000000000000e+00
1.043992547259965022e+03 -4.149784029298314358e+00 1.000000000000000000e+00
1.044351738004238086e+03 -4.075795494202290037e+00 1.000000000000000000e+00
1.046496106933399233e+03 -8.873174552738733567e+00 1.000000000000000000e+00
1.048367720787516419e+03 -1.266006338875059178e+01 1.000000000000000000e+00
1.048759622154439967e+03 -1.255410239374808690e+01 1.000000000000000000e+00
1.049940884508528598e+03 -1.563289685887638214e+01 1.000000000000000000e+00
1.053814898104360736e+03 3.776863861349458507e+00 1.000000000000000000e+00
1.056468178357071565e+03 6.215261895403259906e+00 1.000000000000000000e+00
1.057789839505808914e+03 1.005353147644011536e+01 1.000000000000000000e+00
1.057879858061766299e+03 1.058516531013692230e+01 1.000000000000000000e+00
1.061074429125563711e+03 4.525833827293532785e-01 1.000000000000000000e+00
1.065337174942721504e+03 8.474945293187075013e-01 1.000000000000000000e+00
1.069816396766402704e+03 -1.467214715226945998e+01 1.000000000000000000e+00
1.069833709854167864e+03 -1.441257027961587411e+01 1.000000000000000000e+00
1.071265606049916641e+03 -5.790319708651260555e+00 1.000000000000000000e+00
1.072354989406903996e+03 -1.989680424306933038e+00 1.000000000000000000e+00
1.073158422217444468e+03 -2.979582146021233946e+00 1.000000000000000000e+00
1.073846002164780884e+03 -4.813923911708664960e+00 1.000000000000000000e+00
1.082761587514271469e+03 8.014881712914441181e+00 1.000000000000000000e+00
1.087356107656190488e+03 7.123872507416123545e-02 1.000000000000000000e+00
1.087611900154652631e+03 -1.852131801787224363e+00 1.000000000000000000e+00
1.089766365993793670e+03 -7.483836014428744576e+00 1.000000000000000000e+00
1.093769803338844213e+03 4.491174903674822083e+00 1.000000000000000000e+00
1.097627007854649491e+03 1.172234816956872816e+00 1.000000000000000000e+00
1.099001145590542819e+03 6.670600707642943661e+00 1.000000000000000000e+00
1.104156553383941628e+03 -4.342209340079373092e+00 1.000000000000000000e+00
1.104384939844813061e+03 -4.887323176750581588e+00 1.000000000000000000e+00
1.109290117240519066e+03 -1.061038835388992574e+00 1.000000000000000000e+00
1.109375617322838025e+03 -2.224216062842284458e+00 1.000000000000000000e+00
1.114737582647833733e+03 9.645948982327654520e-01 1.000000000000000000e+00
1.118347564203404318e+03 -1.587873850285856481e+00 1.000000000000000000e+00
1.119364811646895987e+03 8.255106535613403462e-01 1.000000000000000000e+00
1.130842623717017887e+03 -5.949413335720995732e+00 1.000000000000000000e+00
1.133012213978325462e+03 -3.429066739444109668e+00 1.000000000000000000e+00
1.133202908413150226e+03 -3.030738955409901791e+00 1.000000000000000000e+00
1.135692002955015141e+03 -4.565567160469503061e-01 1.000000000000000000e+00
1.136089122187864632e+03 -1.370679959267083525e+00 1.000000000000000000e+00
1.136435187339690174e+03 5.342210043409012510e-01 1.000000000000000000e+00
1.136867897737296971e+03 1.394271154056709872e-01 1.000000000000000000e+00
1.138201477229186594e+03 2.164503174101221727e+00 1.000000000000000000e+00
1.139929821402529797e+03 8.326221360489974188e+00 1.000000000000000000e+00
1.140393540835759268e+03 8.860307577935962797e+00 1.000000000000000000e+00
1.144503811581746731e+03 -2.483834874971184270e+00 1.000000000000000000e+00
1.148650497699157540e+03 1.226764074661878867e+00 1.000000000000000000e+00
1.151502324089744889e+03 -7.406768790020667126e+00 1.000000000000000000e+00
1.151892991112358459e+03 -3.181801192325599548e+00 1.000000000000000000e+00
1.152314668835673729e+03 1.122330560079479955e+00 1.000000000000000000e+00
1.154280488040683622e+03 1.116938202198380559e+01 1.000000000000000000e+00
1.154457177208335224e+03 1.040080015962060855e+01 1.000000000000000000e+00
1.155085897662750995e+03 8.261327538838227014e+00 1.000000000000000000e+00
1.155418848633680682e+03 6.360436092118885831e+00 1.000000000000000000e+00
1.162163859344126195e+03 -4.911326659949891926e+00 1.000000000000000000e+00
1.162545745271717351e+03 -8.025926362015457727e+00 1.000000000000000000e+00
1.168952137911537648e+03 -1.467325476279861540e+01 1.000000000000000000e+00
1.172820332372653411e+03 1.760640976582073236e+01 1.000000000000000000e+00
1.173025869620166304e+03 1.935521989201770765e+01 1.000000000000000000e+00
1.173568692916337568e+03 1.796823436708574206e+01 1.000000000000000000e+00
1.175199270392778089e+03 5.609950123276351341e+00 1.000000000000000000e+00
1.176634227107211473e+03 -1.886224036161310513e+00 1.000000000000000000e+00
1.177479219940576286e+03 7.955396937149104009e-01 1.000000000000000000e+00
1.179389446027101485e+03 1.324974116921134737e+01 1.000000000000000000e+00
1.179819952709141944e+03 8.516033786826882945e+00 1.000000000000000000e+00
1.181745522496346439e+03 -8.912656289123129127e+00 1.000000000000000000e+00
1.181968330647369839e+03 -1.196217697517842460e+01 1.000000000000000000e+00
1.182053801740982408e+03 -1.052223034623687958e+01 1.000000000000000000e+00
1.182130761667980323e+03 -1.107741017234224046e+01 1.000000000000000000e+00
1.184083862543677924e+03 -1.503588760600278817e+01 1.000000000000000000e+00
1.184460837523673490e+03 -1.256465391537517640e+01 1.000000000000000000e+00
1.192866130699245332e+03 1.191081628920418822e+01 1.000000000000000000e+00
1.200425736262587861e+03 -8.537998052760343626e+00 1.000000000000000000e+00
1.200784474195279017e+03 -5.763766369238073395e+00 1.000000000000000000e+00
1.205526752143287695e+03 -7.647541144893136078e+00 1.000000000000000000e+00
1.208235608041763953e+03 8.479361513954486895e+00 1.000000000000000000e+00
1.209691039490091953e+03 3.530016387905321018e+00 1.000000000000000000e+00
1.211423914540557689e+03 1.038377453966613118e+01 1.000000000000000000e+00
1.212616266090170257e+03 1.574991084653656692e+01 1.000000000000000000e+00
1.212786428255848705e+03 1.538464169099599843e+01 1.000000000000000000e+00
1.214498748023082044e+03 1.585642322734939924e+01 1.000000000000000000e+00
1.224191445444842884e+03 -1.665075599776330151e+01 1.000000000000000000e+00
1.225733506233984599e+03 -1.364112973698007991e+01 1.000000000000000000e+00
1.227931911931792001e+03 6.576678067448387566e+00 1.000000000000000000e+00
1.228929412953748624e+03 6.483219003053669383e+00 1.000000000000000000e+00
1.229055399620641538e+03 5.762695486929768407e+00 1.000000000000000000e+00
1.231119128567688449e+03 4.137080411606269825e-01 1.000000000000000000e+00
1.233867993749513744e+03 1.069935119853537486e+01 1.000000000000000000e+00
1.235270994151754167e+03 1.633366484851363509e+01 1.000000000000000000e+00
1.235753383835047543e+03 1.578944594150716085e+01 1.000000000000000000e+00
1.236030857997683142e+03 1.139122640746931481e+01 1.000000000000000000e+00
1.236960519025495842e+03 5.008720201006903849e+00 1.000000000000000000e+00
1.237652336482753071e+03 -3.969799974398591669e+00 1.000000000000000000e+00
1.242338494734109418e+03 -1.565478247608151019e+00 1.000000000000000000e+00
1.242956802999527099e+03 -6.517610591930441011e+00 1.000000000000000000e+00
1.243330872906515651e+03 -9.258861876146662340e+00 1.000000000000000000e+00
1.244462117679589710e+03 -2.089296510899570336e+01 1.000000000000000000e+00
1.244768857132009771e+03 -2.083827278923597248e+01 1.000000000000000000e+00
1.245788064371505016e+03 -1.877133758242985451e+01 1.000000000000000000e+00
1.246589346040261262e+03 -8.007281287017004701e+00 1.000000000000000000e+00
1.255469512390568752e+03 1.901251556950008847e+01 1.000000000000000000e+00
1.257796878123400802e+03 -4.842939382717456276e+00 1.000000000000000000e+00
1.257963687182297463e+03 -7.390813144799774470e+00 1.000000000000000000e+00
1.260895873733582221e+03 -2.692841429760529870e+00 1.000000000000000000e+00
1.267995395489321481e+03 1.735632386921316339e+01 1.000000000000000000e+00
1.269572645867389383e+03 1.963331804517798318e+01 1.000000000000000000e+00
1.272122110894282514e+03 -5.458532365919298357e+00 1.000000000000000000e+00
1.274924554744413172e+03 1.396420804251851777e+01 1.000000000000000000e+00
1.275165389061585756e+03 1.551987156594063144e+01 1.000000000000000000e+00
1.277523514733058619e+03 -1.249307708170655040e+01 1.000000000000000000e+00
1.278373798450784989e+03 -2.244272930285604772e+01 1.000000000000000000e+00
1.278945032797447311e+03 -2.637599047305763378e+01 1.000000000000000000e+00
1.279410212150253983e+03 -2.223076846734018019e+01 1.000000000000000000e+00
1.279842042655047635e+03 -1.769003314998990106e+01 1.000000000000000000e+00
1.287980398459274738e+03 1.947904266923015015e+01 1.000000000000000000e+00
1.291140488912007640e+03 -9.374466116223389989e+00 1.000000000000000000e+00
1.291788226133312264e+03 -1.145007939251819629e+01 1.000000000000000000e+00
1.294393307788071979e+03 1.852864452536129392e+01 1.000000000000000000e+00
1.304206540003377768e+03 -1.571916950733308660e+01 1.000000000000000000e+00
1.306216650930796959e+03 -2.028914916577751804e+00 1.000000000000000000e+00
1.306401639714267276e+03 2.940461459299026359e+00 1.000000000000000000e+00
1.306842322227273826e+03 8.714701703858638737e+00 1.000000000000000000e+00
1.312659178930546886e+03 -3.416184223249238983e+00 1.000000000000000000e+00
1.313523916881674040e+03 7.876239031980939664e+00 1.000000000000000000e+00
1.314637833234283562e+03 1.731210289511860267e+01 1.000000000000000000e+00
1.318352943700056585e+03 -1.877596862521406962e+01 1.000000000000000000e+00
1.320347074985370000e+03 -6.000479930154734021e-03 1.000000000000000000e+00
1.322235023016198966e+03 2.264338097695816732e+00 1.000000000000000000e+00
1.325009143065351964e+03 -2.244100474012980584e+01 1.000000000000000000e+00
1.326156406200201673e+03 -4.990985356972672982e+00 1.000000000000000000e+00
1.331718235118375333e+03 -1.007551037583269071e+01 1.000000000000000000e+00
1.333533430891335456e+03 5.658733812776889138e+00 1.000000000000000000e+00
1.334820759927363270e+03 1.842759579630801170e+01 1.000000000000000000e+00
1.339833093181820004e+03 -1.186845766663252988e+01 1.000000000000000000e+00
1.341275739236318714e+03 4.050745248819206168e+00 1.000000000000000000e+00
1.342766957340306362e+03 6.002820207914469464e+00 1.000000000000000000e+00
1.343914281191644704e+03 -7.139137110734791847e+00 1.000000000000000000e+00
1.344095614707828872e+03 -6.561911315130566358e+00 1.000000000000000000e+00
1.345164622593042623e+03 -1.628839622046785962e+01 1.000000000000000000e+00
1.351378295288533536e+03 -4.321640056271502939e-01 1.000000000000000000e+00
1.352484964554925682e+03 -3.467221412190813812e+00 1.000000000000000000e+00
1.354282288222848138e+03 8.221081747055436040e+00 1.000000000000000000e+00
1.355633073592460278e+03 1.641814356391304841e+01 1.000000000000000000e+00
1.358785546997134588e+03 -1.229262334790528755e+01 1.000000000000000000e+00
1.360697332030003054e+03 -5.642534965251131851e+00 1.000000000000000000e+00
1.361028962285651687e+03 -2.663426347709252351e-01 1.000000000000000000e+00
1.362785021207675754e+03 1.128787398802161590e+01 1.000000000000000000e+00
1.363479890138722340e+03 8.236487898535171936e+00 1.000000000000000000e+00
1.363640598206966843e+03 8.087086162756623509e+00 1.000000000000000000e+00
1.366562671095360884e+03 -1.599219064292926973e+01 1.000000000000000000e+00
1.369868877367118785e+03 1.937477232753625600e+01 1.000000000000000000e+00
1.374976552775630580e+03 2.833584708492394633e+00 1.000000000000000000e+00
1.379536530155500941e+03 -1.456199335758574342e+01 1.000000000000000000e+00
1.380050040382454654e+03 -1.516556174954454761e+01 1.000000000000000000e+00
1.381569552313059148e+03 -9.671199615293058827e+00 1.000000000000000000e+00
1.384944238740039737e+03 -2.791887115557449839e+00 1.000000000000000000e+00
1.385063180155531654e+03 -5.449857909536381939e+00 1.000000000000000000e+00
1.387912821869095069e+03 3.327752970961414647e+00 1.000000000000000000e+00
1.388315702738251048e+03 5.372296462803808126e+00 1.000000000000000000e+00
1.390540011809372118e+03 1.410635089740690518e+01 1.000000000000000000e+00
1.391250891277714345e+03 1.199298761713184192e+01 1.000000000000000000e+00
1.392686977630919046e+03 1.013411564410968690e+00 1.000000000000000000e+00
1.392926289305001092e+03 8.480793008334499561e-01 1.000000000000000000e+00
1.392964861402900169e+03 1.870725137611983779e+00 1.000000000000000000e+00
1.393994483449974723e+03 -1.814254507098329139e+00 1.000000000000000000e+00
1.394857546289127185e+03 3.295433193073575850e+00 1.000000000000000000e+00
1.395262391854529824e+03 2.236903384150241259e+00 1.000000000000000000e+00
1.396496955636581106e+03 6.740867776541824341e+00 1.000000000000000000e+00
1.398958550635008578e+03 -1.613738821219904196e+01 1.000000000000000000e+00
1.399150120449502765e+03 -1.799794459247367939e+01 1.000000000000000000e+00
1.399244108501033452e+03 -1.866524501890395626e+01 1.000000000000000000e+00
1.406434992934431421e+03 -1.239141224278870546e+01 1.000000000000000000e+00
1.407777167080732625e+03 -2.680572295450159626e+00 1.000000000000000000e+00
1.408828803847065501e+03 1.018432938236258423e+01 1.000000000000000000e+00
1.411420087979215396e+03 1.199569973739581563e+01 1.000000000000000000e+00
1.413149412545957830e+03 -5.804633086260773567e+00 1.000000000000000000e+00
1.418070920366579912e+03 4.916467393093731708e+00 1.000000000000000000e+00
1.420673657948426808e+03 -1.387548104331526133e+01 1.000000000000000000e+00
1.420911519008983078e+03 -1.189028096113558419e+01 1.000000000000000000e+00
1.421056805444691236e+03 -1.268908380744774256e+01 1.000000000000000000e+00
1.427533736820032800e+03 -7.996830960718362746e+00 1.000000000000000000e+00
1.428482599098222863e+03 -4.185020948757523840e+00 1.000000000000000000e+00
1.430105194930334164e+03 1.418951194462450083e+01 1.000000000000000000e+00
1.430378732744838999e+03 1.842640224495081469e+01 1.000000000000000000e+00
1.432654408237131065e+03 1.299431225175114157e+01 1.000000000000000000e+00
1.433719362385187424e+03 6.757473320853276455e+00 1.000000000000000000e+00
1.437252780682303865e+03 9.395294212424994740e+00 1.000000000000000000e+00
1.439240315684576444e+03 -1.620252749956401894e+00 1.000000000000000000e+00
1.442813335919904830e+03 -1.118742093254054026e+01 1.000000000000000000e+00
1.444111198940695886e+03 -4.407652319837633836e-01 1.000000000000000000e+00
1.447882797002651841e+03 -1.559959835499890701e+01 1.000000000000000000e+00
1.448335273223086460e+03 -9.389342003857247931e+00 1.000000000000000000e+00
1.450508559639280975e+03 2.013225181074357550e+01 1.000000000000000000e+00
1.451147068202978744e+03 2.458162766828042578e+01 1.000000000000000000e+00
1.451188728421157521e+03 2.348014380386431199e+01 1.000000000000000000e+00
1.452684928835670462e+03 9.457075070700796005e+00 1.000000000000000000e+00
1.454088525422656630e+03 -5.143319364647627623e+00 1.000000000000000000e+00
1.455093982663059251e+03 8.055743953544249880e-01 1.000000000000000000e+00
1.455542546428835976e+03 5.823779652052831324e+00 1.000000000000000000e+00
1.455776316739023059e+03 1.134137578688749670e+01 1.000000000000000000e+00
1.459655271058535163e+03 -1.586403145027892592e+01 1.000000000000000000e+00
1.459981124848115996e+03 -2.078528670138161516e+01 1.000000000000000000e+00
1.460244059033539315e+03 -2.290421097180395549e+01 1.000000000000000000e+00
1.461418198254952358e+03 -2.998713133017129806e+01 1.000000000000000000e+00
1.461711613540315739e+03 -2.756398394165817223e+01 1.000000000000000000e+00
1.463488370865785555e+03 -1.503444314705221219e-01 1.000000000000000000e+00
1.466578268633452126e+03 -1.521572401960570708e+01 1.000000000000000000e+00
1.469627549261122113e+03 4.910934221868728855e+00 1.000000000000000000e+00
1.470388044245189803e+03 1.790597410798856615e+01 1.000000000000000000e+00
1.471787793615465944e+03 2.474990334979127482e+01 1.000000000000000000e+00
1.473706323361571094e+03 5.314144511373910529e-01 1.000000000000000000e+00
1.474508485192954595e+03 -6.413731618794359157e+00 1.000000000000000000e+00
1.474557159428335808e+03 -6.241221206120190601e+00 1.000000000000000000e+00
1.478527158796603317e+03 1.665057492027938935e+01 1.000000000000000000e+00
1.479101590098575116e+03 8.017417649305091487e+00 1.000000000000000000e+00
1.479767835658202102e+03 -8.092448675651981560e+00 1.000000000000000000e+00
1.480195051235365099e+03 -1.513823983110445326e+01 1.000000000000000000e+00
1.490465920064258171e+03 1.904903455346359564e+01 1.000000000000000000e+00
1.490796147894585829e+03 2.314997056046746238e+01 1.000000000000000000e+00
1.497327239701094641e+03 2.228857237230273469e+01 1.000000000000000000e+00
1.497576515080266290e+03 2.138346837064795380e+01 1.000000000000000000e+00
1.501190045857975065e+03 -1.606465574950019004e+01 1.000000000000000000e+00
1.501529723772703846e+03 -1.621307159308448931e+01 1.000000000000000000e+00
1.502043297712796857e+03 -1.094705531943535526e+01 1.000000000000000000e+00
1.513557285473778393e+03 -7.294720690654789230e+00 1.000000000000000000e+00
1.514728286475417462e+03 -9.808723329547923697e+00 1.000000000000000000e+00
1.516757307672282877e+03 7.453689909830846894e+00 1.000000000000000000e+00
1.518564903433336212e+03 1.032315867069840287e+01 1.000000000000000000e+00
1.529123948715417100e+03 -1.251043714190785572e+01 1.000000000000000000e+00
1.530650507613930586e+03 -1.799310401967432416e+00 1.000000000000000000e+00
1.539934372500177687e+03 3.831617603739957190e+00 1.000000000000000000e+00
1.541161497005552519e+03 -3.374124793625154162e+00 1.000000000000000000e+00
1.541745513137295575e+03 -2.981545815526490006e+00 1.000000000000000000e+00
1.542450925931820393e+03 -3.024920558755743727e+00 1.000000000000000000e+00
1.546167108109743140e+03 -4.606044172465235675e+00 1.000000000000000000e+00
1.546220105010838324e+03 -6.953315903115677266e+00 1.000000000000000000e+00
1.546911088898061053e+03 -7.446176597636836370e+00 1.000000000000000000e+00
1.548094665397277595e+03 -7.779465692017263123e+00 1.000000000000000000e+00
1.548467378868433343e+03 -5.335927940735201602e+00 1.000000000000000000e+00
1.554815123697506351e+03 3.716704690429470936e-01 1.000000000000000000e+00
1.556313501899700896e+03 1.287289782717878595e+01 1.000000000000000000e+00
1.556343190900508262e+03 9.315803714457178586e+00 1.000000000000000000e+00
1.557390791882206713e+03 1.069792185124407702e+01 1.000000000000000000e+00
1.558358866603668048e+03 2.197800618575611153e+00 1.000000000000000000e+00
1.561058352572910962e+03 -1.098587494657550856e+01 1.000000000000000000e+00
1.562959200469322695e+03 6.315590885652982323e+00 1.000000000000000000e+00
1.566468876627626287e+03 -1.052770135416576380e+01 1.000000000000000000e+00
1.570305824046275575e+03 1.070543518948453610e+01 1.000000000000000000e+00
1.577091024613037462e+03 7.192203152058213256e+00 1.000000000000000000e+00
1.581680326454809801e+03 3.114943697028018654e+00 1.000000000000000000e+00
1.583450076165329165e+03 9.679354879205327222e+00 1.000000000000000000e+00
1.583759139261802602e+03 9.232546597358732399e+00 1.000000000000000000e+00
1.587395406714841329e+03 -6.876108874121024117e-01 1.000000000000000000e+00
1.591180737086426234e+03 9.078055143629550905e-01 1.000000000000000000e+00
1.592782949034663488e+03 -9.831250379315552124e+00 1.000000000000000000e+00
1.596093667825127341e+03 8.688895520093820934e+00 1.000000000000000000e+00
1.598317128433447124e+03 -4.374577953973147970e+00 1.000000000000000000e+00
1.598405174704783349e+03 -4.563945849645225650e+00 1.000000000000000000e+00
1.599591769141236000e+03 -8.183963134315600740e+00 1.000000000000000000e+00
1.605786743122668440e+03 -7.841353823751756380e+00 1.000000000000000000e+00
1.610527711158350030e+03 2.076790495343631804e+00 1.000000000000000000e+00
1.612387978092171579e+03 -1.376384511907277997e+01 1.000000000000000000e+00
1.614637917450021405e+03 4.682366284147364333e+00 1.000000000000000000e+00
1.618729942978396821e+03 -1.490414813387405246e+01 1.000000000000000000e+00
1.621677230257902693e+03 6.620635024689104142e+00 1.000000000000000000e+00
1.623877123382038690e+03 7.590173580415177312e+00 1.000000000000000000e+00
1.626107726494921280e+03 -4.326670105639202291e+00 1.000000000000000000e+00
1.627357299403726756e+03 2.635577368494708139e-01 1.000000000000000000e+00
1.627595639404954454e+03 5.993956552527304193e-01 1.000000000000000000e+00
1.627760283841271985e+03 2.818141294585763568e+00 1.000000000000000000e+00
1.629932958740494769e+03 1.292154074188956780e+00 1.000000000000000000e+00
1.630398790628627012e+03 -2.236155526061679666e+00 1.000000000000000000e+00
1.631047637537137689e+03 -3.527668622449171565e+00 1.000000000000000000e+00
1.634678222923242856e+03 7.309628525375106989e+00 1.000000000000000000e+00
1.636066611511676911e+03 7.900508624722113460e-01 1.000000000000000000e+00
1.640044871739503606e+03 4.049648431387153025e+00 1.000000000000000000e+00
1.641534241402629959e+03 4.059206391831023941e-01 1.000000000000000000e+00
1.641986459695870280e+03 -1.380881116186990942e+00 1.000000000000000000e+00
1.644235466388490977e+03 -3.154132983001540769e+00 1.000000000000000000e+00
1.644813476711380645e+03 1.302970046882666821e+00 1.000000000000000000e+00
1.653723206097389948e+03 2.179982798118470733e+00 1.000000000000000000e+00
1.657313829111475570e+03 -2.461930536871980379e+00 1.000000000000000000e+00
1.657880058434726152e+03 -2.384456966186516258e+00 1.000000000000000000e+00
1.659794737206686250e+03 7.758089621473606812e+00 1.000000000000000000e+00
1.662096910472380841e+03 8.790494163793479032e+00 1.000000000000000000e+00
1.665239691095875969e+03 8.442942978140720811e+00 1.000000000000000000e+00
1.667963287753263558e+03 2.808311530956166369e+00 1.000000000000000000e+00
1.675889814997607800e+03 -1.822796233297939139e+01 1.000000000000000000e+00
1.678378244517304665e+03 7.955847836258233663e+00 1.000000000000000000e+00
1.685553725369684571e+03 1.426784362949616813e+01 1.000000000000000000e+00
1.685709775670914269e+03 1.447211768821641442e+01 1.000000000000000000e+00
1.688469923106048327e+03 -2.581575441308782803e+00 1.000000000000000000e+00
1.692817344942255659e+03 -4.291810886458497620e+00 1.000000000000000000e+00
1.696016458644468912e+03 -1.169764738616479960e+01 1.000000000000000000e+00
1.696300760693969778e+03 -9.785331205921728781e+00 1.000000000000000000e+00
1.697887110625836385e+03 -5.726410970448291060e+00 1.000000000000000000e+00
1.698076616857021691e+03 -5.233601958712269742e+00 1.000000000000000000e+00
1.707212084592543988e+03 8.238652493644568864e+00 1.000000000000000000e+00
1.711606684785222114e+03 -1.039697399901929664e+01 1.000000000000000000e+00
1.712552359245563821e+03 -1.393398960008609144e+01 1.000000000000000000e+00
1.714249835009134586e+03 -1.300907403090308811e+01 1.000000000000000000e+00
1.715445288387109258e+03 -1.157165589458239374e+01 1.000000000000000000e+00
1.716675277268524951e+03 -6.153900240470179028e+00 1.000000000000000000e+00
1.717554936463804324e+03 -4.038024666796589557e+00 1.000000000000000000e+00
1.719161672839243010e+03 -5.838217563937744270e-01 1.000000000000000000e+00
1.721102347657587416e+03 2.181916523005335229e+00 1.000000000000000000e+00
1.724125191702414440e+03 1.235399665276156966e+01 1.000000000000000000e+00
1.724383034843366659e+03 1.360333248694922759e+01 1.000000000000000000e+00
1.724637093671804678e+03 1.375242987436535458e+01 1.000000000000000000e+00
1.726941298387171400e+03 6.514492416125166940e+00 1.000000000000000000e+00
1.727711211846462902e+03 5.270967008666118225e+00 1.000000000000000000e+00
1.731890937132954605e+03 -1.150087995877423097e+01 1.000000000000000000e+00
1.732764651857258286e+03 -1.319605995104644514e+01 1.000000000000000000e+00
1.733577086518191209e+03 -1.202988764145527512e+01 1.000000000000000000e+00
1.734334318210398351e+03 -1.138523623391897921e+01 1.000000000000000000e+00
1.734578810924929712e+03 -9.641730283802925072e+00 1.000000000000000000e+00
1.736252114736428439e+03 -5.057346133564822210e+00 1.000000000000000000e+00
1.738977061093264410e+03 5.791215750622011882e+00 1.000000000000000000e+00
1.740024296493638303e+03 1.163825409813299405e+00 1.000000000000000000e+00
1.743571469510985935e+03 1.650305984924602143e+01 1.000000000000000000e+00
1.745301310894790504e+03 1.848118864291352281e+01 1.000000000000000000e+00
1.747113654581542960e+03 -7.083248787872209462e-01 1.000000000000000000e+00
1.747664356669436302e+03 -4.563937569054893117e+00 1.000000000000000000e+00
1.748575933249893978e+03 -3.595950344282833555e+00 1.000000000000000000e+00
1.748799834149684557e+03 -2.618577615888509236e+00 1.000000000000000000e+00
1.752053695841148283e+03 -2.197365960865427681e+00 1.000000000000000000e+00
1.753010490633181689e+03 -1.193804323280709667e+01 1.000000000000000000e+00
1.754797578348239313e+03 -1.895057815510782007e+01 1.000000000000000000e+00
1.756744990759988241e+03 1.648679550575709918e+00 1.000000000000000000e+00
1.758346675374808910e+03 1.055322215377675121e+01 1.000000000000000000e+00
1.758469526062654268e+03 1.159599130610009077e+01 1.000000000000000000e+00
1.761356246094159133e+03 -9.090802479990641061e+00 1.000000000000000000e+00
1.762206394222323070e+03 -1.820043112260884666e+00 1.000000000000000000e+00
1.763440424667679281e+03 1.350782582328669434e+01 1.000000000000000000e+00
1.763470723709705680e+03 1.236782654518663094e+01 1.000000000000000000e+00
1.763793006193664723e+03 1.693379868706167812e+01 1.000000000000000000e+00
1.764082820459779214e+03 1.703867814613613874e+01 1.000000000000000000e+00
1.764567343838214811e+03 1.794681125294902557e+01 1.000000000000000000e+00
1.772609332173119810e+03 -5.662940770577093441e-02 1.000000000000000000e+00
1.773921562434835096e+03 -1.275828025424736367e+01 1.000000000000000000e+00
1.778119906379457234e+03 2.531438789960872349e+00 1.000000000000000000e+00
1.778895817631733053e+03 4.073457038918864903e+00 1.000000000000000000e+00
1.779587312891080501e+03 3.890204057483808153e+00 1.000000000000000000e+00
1.783546001564159496e+03 7.725173703658721358e+00 1.000000000000000000e+00
1.783846710031344173e+03 6.322178387907342767e+00 1.000000000000000000e+00
1.790771768576419845e+03 -8.440775830252240652e+00 1.000000000000000000e+00
1.791382582420406834e+03 -8.561790565372142225e+00 1.000000000000000000e+00
1.793093191702125978e+03 -7.216754778359139033e-01 1.000000000000000000e+00
1.793342586080684214e+03 3.441982002639000005e+00 1.000000000000000000e+00
1.793522316448819765e+03 2.543396056133287342e+00 1.000000000000000000e+00
1.795085529298811025e+03 -2.376289711065918908e+00 1.000000000000000000e+00
1.796124714427470053e+03 -1.173522991297679319e+01 1.000000000000000000e+00
1.797922184454063427e+03 -8.345679678898305198e+00 1.000000000000000000e+00
1.799733486000060338e+03 6.087119458569564934e+00 1.000000000000000000e+00
1.802324341298323134e+03 4.633991518604157811e+00 1.000000000000000000e+00
1.806299293703143121e+03 1.330448323428856838e+01 1.000000000000000000e+00
1.807439479491866905e+03 1.278467608016430290e+01 1.000000000000000000e+00
1.807967909856474080e+03 1.086634093114988886e+01 1.000000000000000000e+00
1.808088785801915492e+03 1.029565417853454967e+01 1.000000000000000000e+00
1.809896691099853797e+03 -5.278346759636288077e+00 1.000000000000000000e+00
1.813110998442357868e+03 -3.102595445399813912e+00 1.000000000000000000e+00
1.815465914970078984e+03 -6.896731454389456673e+00 1.000000000000000000e+00
1.815751188708652080e+03 -8.020998536635106646e+00 1.000000000000000000e+00
1.817687436825476652e+03 -1.551336556431396474e+01 1.000000000000000000e+00
1.829726175666765812e+03 1.594269611239750084e+00 1.000000000000000000e+00
1.829941540631237103e+03 3.354094781130530833e+00 1.000000000000000000e+00
1.837092902380699798e+03 -1.020699189735446488e+01 1.000000000000000000e+00
1.838965227489347171e+03 5.262073995029821205e-01 1.000000000000000000e+00
1.839014813811641261e+03 9.232318371038003013e-01 1.000000000000000000e+00
1.839565621556316728e+03 2.091462453103681174e+00 1.000000000000000000e+00
1.843438133741666434e+03 6.745710135511868266e+00 1.000000000000000000e+00
1.844222923534386155e+03 1.046553407622852916e+01 1.000000000000000000e+00
1.844597007334895352e+03 1.040401011061596570e+01 1.000000000000000000e+00
1.844695963593266015e+03 1.116336872208195707e+01 1.000000000000000000e+00
1.845513220450730842e+03 1.099567893495631843e+01 1.000000000000000000e+00
1.846610615117416728e+03 6.180896386639298079e+00 1.000000000000000000e+00
1.846612135778326319e+03 9.724882365820159080e+00 1.000000000000000000e+00
1.848317533241527144e+03 7.261593179546016685e+00 1.000000000000000000e+00
1.849933823906384305e+03 3.115322319905537540e+00 1.000000000000000000e+00
1.851193276585322110e+03 2.273845446649013002e+00 1.000000000000000000e+00
1.854423614746235899e+03 -4.982847633096818107e+00 1.000000000000000000e+00
1.856162586931181750e+03 -6.717308098775886194e+00 1.000000000000000000e+00
1.858582834605427934e+03 -4.300679659615623152e+00 1.000000000000000000e+00
1.858592395152428026e+03 -4.609028156092970896e+00 1.000000000000000000e+00
1.859058633584381141e+03 -5.245113942708713672e+00 1.000000000000000000e+00
1.861637434595946388e+03 -1.631201788837696398e+00 1.000000000000000000e+00
1.864787877920988876e+03 2.616949727035921214e+00 1.000000000000000000e+00
1.865122407714680776e+03 1.977806503501728930e+00 1.000000000000000000e+00
1.868427995849587433e+03 -1.028683016866595468e+00 1.000000000000000000e+00
1.871664160433577081e+03 1.357968771453837675e+01 1.000000000000000000e+00
1.874234083881035303e+03 1.770105824639210512e+00 1.000000000000000000e+00
1.876824043388771315e+03 -3.182882086361503493e+00 1.000000000000000000e+00
1.878321818174740656e+03 3.724565762552829895e+00 1.000000000000000000e+00
1.880419378709534612e+03 -5.497749035955529884e+00 1.000000000000000000e+00
1.880863890505626159e+03 -6.908811343685751005e+00 1.000000000000000000e+00
1.882755409412997324e+03 -8.771697023273363314e+00 1.000000000000000000e+00
1.885167199395860735e+03 -4.685214721584692654e+00 1.000000000000000000e+00
1.887496157029248252e+03 -1.776244015597538528e+00 1.000000000000000000e+00
1.888744779967867089e+03 -1.998066488861321988e+00 1.000000000000000000e+00
1.889337834099167821e+03 -9.601641582109445849e-01 1.000000000000000000e+00
1.890053553880782829e+03 2.183145382514008581e+00 1.000000000000000000e+00
1.890603066958159161e+03 5.718827292639418580e+00 1.000000000000000000e+00
1.894741180977848444e+03 -2.869869942344210223e+00 1.000000000000000000e+00
1.897722041441014653e+03 2.536134766532004647e+00 1.000000000000000000e+00
1.898637644831362877e+03 2.055244044127375602e+00 1.000000000000000000e+00
1.901905222110788145e+03 -9.957817908501001014e+00 1.000000000000000000e+00
1.903748953665472300e+03 -7.612584337893195219e+00 1.000000000000000000e+00
1.904285394590841634e+03 -4.037895944506661117e+00 1.000000000000000000e+00
1.905498023033969957e+03 9.586813152042006347e-01 1.000000000000000000e+00
1.905583313943889152e+03 2.567160820151331624e+00 1.000000000000000000e+00
1.908667630785384063e+03 -2.603836662026969950e+00 1.000000000000000000e+00
1.912167269446447790e+03 6.935820905059945751e+00 1.000000000000000000e+00
1.912811445591897609e+03 5.358567456771390347e+00 1.000000000000000000e+00
1.917481846113185838e+03 9.245745002881000651e-02 1.000000000000000000e+00
1.917965443726947115e+03 1.272503116611674701e+00 1.000000000000000000e+00
1.918284503955949958e+03 2.027141381343393167e+00 1.000000000000000000e+00
1.918333206070444930e+03 6.780182661079428019e-01 1.000000000000000000e+00
1.918866681666850354e+03 7.948660075388660484e-01 1.000000000000000000e+00
1.921669316126000240e+03 -7.807500634211663737e+00 1.000000000000000000e+00
1.923140309082996964e+03 -7.067219148661406436e+00 1.000000000000000000e+00
1.923872757094457938e+03 -4.025157823086658482e+00 1.000000000000000000e+00
1.924377090234876505e+03 -1.374768001360607617e+00 1.000000000000000000e+00
1.925540639680484901e+03 4.485411441812462208e+00 1.000000000000000000e+00
1.926394590520759948e+03 5.597600977640343700e+00 1.000000000000000000e+00
1.927325521002058622e+03 3.597154892732479237e+00 1.000000000000000000e+00
1.932294891254342701e+03 1.259350599010939753e+01 1.000000000000000000e+00
1.932779942875786901e+03 1.226481397139193774e+01 1.000000000000000000e+00
1.935589343597003790e+03 -1.162398147472954690e+01 1.000000000000000000e+00
1.935931133208454185e+03 -1.119958843269363946e+01 1.000000000000000000e+00
1.936572820588594595e+03 -1.212509914528378197e+01 1.000000000000000000e+00
1.937943409340703511e+03 3.920152664344080939e-01 1.000000000000000000e+00
1.940987387191955122e+03 7.596248002538491306e+00 1.000000000000000000e+00
1.941462885541265678e+03 5.616137608979101081e+00 1.000000000000000000e+00
1.945838978046260536e+03 9.111926246877045443e+00 1.000000000000000000e+00
1.947637393691966736e+03 1.057767867494182035e+01 1.000000000000000000e+00
1.948512425636100716e+03 1.638605839365822936e+00 1.000000000000000000e+00
1.951043010005771521e+03 -9.026838204360540630e+00 1.000000000000000000e+00
1.951767736837066650e+03 -5.007166608237008987e+00 1.000000000000000000e+00
1.952451326907639896e+03 -3.588517769149909498e+00 1.000000000000000000e+00
1.952918930026791486e+03 -5.073297952253899012e+00 1.000000000000000000e+00
1.953522176380674182e+03 -3.805709010415498916e+00 1.000000000000000000e+00
1.954990279488893520e+03 -2.809598217060868208e+00 1.000000000000000000e+00
1.957236684465528015e+03 -1.057302707934075414e+01 1.000000000000000000e+00
1.959053858670917180e+03 -1.018277189471194255e+01 1.000000000000000000e+00
1.959924652684618650e+03 -3.695402516596603792e+00 1.000000000000000000e+00
1.960971326938013590e+03 -6.277195890475828488e-01 1.000000000000000000e+00
1.961160265574564846e+03 -1.959481219057539469e+00 1.000000000000000000e+00
1.963658779636506324e+03 4.812705261248459543e+00 1.000000000000000000e+00
1.966852484521283941e+03 9.552568857954529591e+00 1.000000000000000000e+00
1.970982855286595168e+03 2.696560582222331526e-01 1.000000000000000000e+00
1.974697514147936317e+03 -6.195043838689288762e+00 1.000000000000000000e+00
1.976747676118452318e+03 -1.420172604459615862e+01 1.000000000000000000e+00
1.978819554568862941e+03 -2.648903594540180428e+00 1.000000000000000000e+00
1.980677894793408768e+03 -1.775868081960780387e+00 1.000000000000000000e+00
1.980690003121787868e+03 -1.536482613382331053e+00 1.000000000000000000e+00
1.983780658309258797e+03 9.413745709271308826e+00 1.000000000000000000e+00
1.984022486828948331e+03 9.707689576569975998e+00 1.000000000000000000e+00
1.988801579295358806e+03 2.842855400856641790e+00 1.000000000000000000e+00
1.995924502657346920e+03 -1.740035346632982538e+01 1.000000000000000000e+00
1.997694013135733030e+03 -2.495225475502769186e+00 1.000000000000000000e+00
1.998555987844342098e+03 -3.706481720101745037e+00 1.000000000000000000e+00
1.999617156233930700e+03 -1.006031366965815899e+01 1.000000000000000000e+00
